"receptor";"emisor";"dte";"folio"
78246760;89407400;33;250403
78246760;77694130;33;11406
78246760;77694130;33;11405
78246760;89407400;33;250249
78246760;96726970;33;3076398
78246760;96726970;33;3076353
78246760;96726970;33;3076191
78246760;96726970;33;3076195
78246760;96726970;33;3076196
78246760;96726970;33;3076197
78246760;76234932;33;18
78246760;76039103;33;19
78246760;96726970;33;3075996
78246760;96726970;33;3076008
78246760;96726970;33;3075942
78246760;8277105;33;31906
78246760;77961180;33;1772
78246760;81643200;33;1111873
78246760;96726970;33;3075611
78246760;96726970;33;3075612
78246760;96726970;33;3075497
78246760;96726970;33;3075498
78246760;96726970;33;3075499
78246760;96726970;33;3075557
78246760;96726970;33;3075432
78246760;96726970;33;3075434
78246760;96726970;33;3075272
78246760;96726970;33;3075315
78246760;96726970;33;3075316
78246760;96726970;33;3075006
78246760;96726970;33;3075007
78246760;96726970;33;3075008
78246760;96726970;33;3075009
78246760;96726970;33;3075010
78246760;96726970;33;3074896
78246760;96726970;33;3074902
78246760;96726970;33;3074816
78246760;96726970;33;3074817
78246760;96726970;33;3074847
78246760;96726970;33;3074849
78246760;96726970;33;3074850
78246760;96726970;33;3074565
78246760;96726970;33;3074591
78246760;96726970;33;3074600
78246760;96726970;33;3074602
78246760;96726970;33;3074603
78246760;96726970;33;3074723
78246760;96726970;33;3074747
78246760;96726970;33;3074809
78246760;7607127;33;880
78246760;96726970;33;3074559
78246760;96726970;33;3074560
78246760;96726970;33;3074561
78246760;96726970;33;3074531
78246760;96726970;33;3074422
78246760;7607127;33;867
78246760;96719620;33;9950507
78246760;96719620;33;9948729
78246760;96719620;33;9948055
78246760;96719620;33;9947435
78246760;96719620;33;9944544
78246760;96719620;33;9943431
78246760;96719620;33;9940813
78246760;94510000;33;2222940
78246760;94510000;33;2222939
78246760;94510000;33;2222938
78246760;94510000;33;2222935
78246760;94510000;33;2222934
78246760;94510000;33;2222933
78246760;77753050;33;2689
78246760;76075046;33;51
78246760;96726970;33;3072930
78246760;96726970;33;3072880
78246760;96726970;33;3072858
78246760;9956136;33;2467
78246760;96726970;33;3072813
78246760;96726970;33;3072831
78246760;96726970;33;3072706
78246760;96726970;33;3072761
78246760;96726970;33;3072563
78246760;96726970;33;3072577
78246760;96726970;33;3072586
78246760;60503000;34;732229
78246760;96726970;33;3072468
78246760;96726970;33;3072491
78246760;96726970;33;3072348
78246760;96726970;33;3072380
78246760;96726970;33;3072381
78246760;96726970;33;3072382
78246760;96726970;33;3072383
78246760;96726970;33;3072289
78246760;96726970;33;3072236
78246760;5832036;33;1383
78246760;96726970;33;3072130
78246760;96726970;33;3072156
78246760;96726970;33;3072045
78246760;96726970;33;3072005
78246760;96726970;33;3071927
78246760;96726970;33;3071972
78246760;96726970;33;3071907
78246760;96726970;33;3071616
78246760;96726970;33;3071706
78246760;96726970;33;3071854
78246760;96726970;33;3071856
78246760;96726970;33;3071683
78246760;96726970;33;3071684
78246760;96726970;33;3071530
78246760;96726970;33;3071491
78246760;96726970;33;3071392
78246760;96726970;33;3071393
78246760;96726970;33;3071400
78246760;96726970;33;3071401
78246760;96726970;33;3071443
78246760;96726970;33;3071445
78246760;96726970;33;3071446
78246760;96726970;33;3071293
78246760;96726970;33;3071314
78246760;96726970;33;3071352
78246760;96726970;33;3071152
78246760;96726970;33;3070899
78246760;96726970;33;3070900
78246760;96726970;33;3070795
78246760;96726970;33;3070835
78246760;96726970;33;3070858
78246760;96726970;33;3070941
78246760;96726970;33;3070761
78246760;96726970;33;3070762
78246760;96726970;33;3070764
78246760;96726970;33;3070796
78246760;96726970;33;3070797
78246760;96726970;33;3070802
78246760;96726970;33;3070803
78246760;96726970;33;3070689
78246760;96726970;33;3070591
78246760;96726970;33;3070592
78246760;96726970;33;3070593
78246760;96726970;33;3070509
78246760;96726970;33;3070471
78246760;96726970;33;3070472
78246760;89862200;34;3477438
78246760;96945440;34;6269356
78246760;76393526;33;315
78246760;96726970;33;3070179
78246760;96726970;33;3070136
78246760;96726970;33;3070137
78246760;96726970;33;3070138
78246760;96726970;33;3070035
78246760;96726970;33;3070085
78246760;96726970;33;3070072
78246760;96726970;33;3070073
78246760;96726970;33;3069869
78246760;96726970;33;3069881
78246760;96726970;33;3069899
78246760;96726970;33;3069900
78246760;96726970;33;3069901
78246760;96726970;33;3069942
78246760;96726970;33;3069943
78246760;96726970;33;3069812
78246760;96726970;33;3069813
78246760;96726970;33;3069818
78246760;96726970;33;3069728
78246760;96726970;33;3069734
78246760;96726970;33;3069707
78246760;96726970;33;3069718
78246760;96726970;33;3069797
78246760;96726970;33;3069574
78246760;76393526;33;313
78246760;86855300;33;87763
78246760;96792430;33;98980794
78246760;96726970;33;3069480
78246760;93129000;33;3730929
78246760;76008437;33;1164
78246760;96792430;33;98431236
78246760;96792430;33;98431237
78246760;96726970;33;3069386
78246760;96726970;33;3069212
78246760;96726970;33;3069253
78246760;96726970;33;3069285
78246760;96726970;33;3068914
78246760;96726970;33;3068929
78246760;96726970;33;3068952
78246760;96726970;33;3068959
78246760;96726970;33;3069004
78246760;96726970;33;3069006
78246760;96726970;33;3069007
78246760;96726970;33;3069009
78246760;96726970;33;3068732
78246760;96726970;33;3068619
78246760;96726970;33;3068620
78246760;96726970;33;3068621
78246760;96726970;33;3068622
78246760;96726970;33;3068623
78246760;96726970;33;3068625
78246760;96726970;33;3068626
78246760;96726970;33;3068627
78246760;96726970;33;3068631
78246760;96726970;33;3068693
78246760;96726970;33;3068717
78246760;96726970;33;3068718
78246760;96726970;33;3068726
78246760;96726970;33;3068491
78246760;96726970;33;3068449
78246760;96726970;33;3068450
78246760;96726970;33;3068455
78246760;96726970;33;3068363
78246760;96726970;33;3068373
78246760;96726970;33;3068391
78246760;96726970;33;3068393
78246760;99546900;33;211832
78246760;96726970;33;3068349
78246760;96726970;33;3068248
78246760;96726970;33;3067794
78246760;96726970;33;3067798
78246760;96726970;33;3067983
78246760;96726970;33;3067988
78246760;96726970;33;3067989
78246760;96726970;33;3068010
78246760;96726970;33;3068011
78246760;96726970;33;3068013
78246760;96726970;33;3067924
78246760;96726970;33;3067925
78246760;96726970;33;3067943
78246760;96726970;33;3067482
78246760;96726970;33;3067633
78246760;96726970;33;3067686
78246760;96726970;33;3067720
78246760;96726970;33;3067723
78246760;77753050;33;2675
78246760;76073164;33;4096734
78246760;96697410;33;7898419
78246760;76075046;33;50
78246760;96726970;33;3067439
78246760;96726970;33;3067440
78246760;96726970;33;3067446
78246760;9055982;33;449
78246760;9055982;33;448
78246760;9055982;33;447
78246760;96726970;33;3067066
78246760;96726970;33;3067079
78246760;96726970;33;3067210
78246760;96726970;33;3067213
78246760;96726970;33;3067275
78246760;96726970;33;3067288
78246760;96726970;33;3066816
78246760;96726970;33;3066842
78246760;96726970;33;3066851
78246760;96726970;33;3066966
78246760;96726970;33;3066967
78246760;96726970;33;3066968
78246760;96726970;33;3066986
78246760;96726970;33;3066987
78246760;96726970;33;3066778
78246760;96726970;33;3066820
78246760;96726970;33;3066828
78246760;96726970;33;3066906
78246760;96726970;33;3066907
78246760;96726970;33;3066908
78246760;96726970;33;3066909
78246760;96726970;33;3066910
78246760;96726970;33;3066911
78246760;96726970;33;3066777
78246760;96726970;33;3066444
78246760;96726970;33;3066468
78246760;96726970;33;3066498
78246760;96726970;33;3066499
78246760;96726970;33;3066545
78246760;96726970;33;3066546
78246760;96726970;33;3066547
78246760;96726970;33;3066561
78246760;96726970;33;3066586
78246760;96726970;33;3066715
78246760;76228364;33;672
78246760;76833300;33;1752956
78246760;96726970;33;3066155
78246760;96726970;33;3066158
78246760;96726970;33;3066297
78246760;96726970;33;3065999
78246760;96726970;33;3066000
78246760;96726970;33;3066008
78246760;96726970;33;3066009
78246760;96726970;33;3066020
78246760;96726970;33;3066021
78246760;96726970;33;3066035
78246760;96726970;33;3066036
78246760;96726970;33;3066052
78246760;96726970;33;3066053
78246760;96726970;33;3066054
78246760;96726970;33;3066081
78246760;96726970;33;3065900
78246760;96726970;33;3065901
78246760;96726970;33;3065920
78246760;96726970;33;3065952
78246760;96726970;33;3065957
78246760;96726970;33;3065778
78246760;96726970;33;3065572
78246760;96726970;33;3065743
78246760;96726970;33;3065744
78246760;96726970;33;3065745
78246760;96726970;33;3065757
78246760;96726970;33;3065760
78246760;96726970;33;3065761
78246760;96726970;33;3065626
78246760;96726970;33;3065627
78246760;96726970;33;3065628
78246760;96726970;33;3065629
78246760;96726970;33;3065688
78246760;96726970;33;3065715
78246760;96726970;33;3065716
78246760;96726970;33;3065405
78246760;96726970;33;3065406
78246760;96726970;33;3065407
78246760;96726970;33;3065408
78246760;96726970;33;3065409
78246760;96726970;33;3065410
78246760;96726970;33;3065413
78246760;96726970;33;3065446
78246760;96726970;33;3065447
78246760;96726970;33;3065232
78246760;96726970;33;3065237
78246760;9055982;33;445
78246760;9055982;33;444
78246760;96726970;33;3065145
78246760;99520000;33;8543602
78246760;97036000;33;31046185
78246760;96726970;33;3064989
78246760;96726970;33;3064993
78246760;96726970;33;3064997
78246760;96726970;33;3065109
78246760;96726970;33;3064797
78246760;96726970;33;3064798
78246760;96726970;33;3064847
78246760;96726970;33;3064849
78246760;96726970;33;3064850
78246760;96726970;33;3064851
78246760;96726970;33;3064852
78246760;96726970;33;3064865
78246760;96726970;33;3064866
78246760;96726970;33;3064867
78246760;96726970;33;3064868
78246760;96726970;33;3064869
78246760;96726970;33;3064707
78246760;96726970;33;3064712
78246760;96726970;33;3064715
78246760;96726970;33;3064716
78246760;96726970;33;3064772
78246760;96726970;33;3064598
78246760;96726970;33;3064529
78246760;96726970;33;3064531
78246760;96726970;33;3064533
78246760;96726970;33;3064459
78246760;96726970;33;3064461
78246760;96726970;33;3064352
78246760;96726970;33;3064353
78246760;96726970;33;3064354
78246760;96726970;33;3064355
78246760;96726970;33;3064356
78246760;96726970;33;3064357
78246760;96726970;33;3064377
78246760;96726970;33;3064380
78246760;96726970;33;3064302
78246760;96726970;33;3064153
78246760;96726970;33;3064251
78246760;96726970;33;3064122
78246760;96726970;33;3064175
78246760;96726970;33;3064203
78246760;96726970;33;3064041
78246760;92580000;33;16609864
78246760;9055982;33;443
78246760;9055982;33;442
78246760;96806980;33;38604409
78246760;96726970;33;3063905
78246760;8277105;33;31531
78246760;8277105;33;31524
78246760;81537600;33;30120957
78246760;96726970;33;3063746
78246760;96726970;33;3063747
78246760;96726970;33;3063754
78246760;96726970;33;3063678
78246760;96726970;33;3063691
78246760;96726970;33;3063719
78246760;96726970;33;3063720
78246760;96726970;33;3063726
78246760;96726970;33;3063505
78246760;96726970;33;3063507
78246760;96726970;33;3063508
78246760;96726970;33;3063516
78246760;96726970;33;3063519
78246760;96726970;33;3063526
78246760;96726970;33;3063527
78246760;96726970;33;3063531
78246760;96726970;33;3063569
78246760;96726970;33;3063571
78246760;96726970;33;3063572
78246760;96726970;33;3063573
78246760;96726970;33;3063574
78246760;96726970;33;3063576
78246760;96726970;33;3063577
78246760;96726970;33;3063578
78246760;96726970;33;3063677
78246760;96726970;33;3063704
78246760;96726970;33;3063385
78246760;96726970;33;3063181
78246760;96726970;33;3063230
78246760;96726970;33;3063231
78246760;96726970;33;3063245
78246760;96726970;33;3063261
78246760;96726970;33;3063101
78246760;96726970;33;3063124
78246760;96726970;33;3063125
78246760;96726970;33;3062845
78246760;96726970;33;3062980
78246760;96726970;33;3063007
78246760;96726970;33;3063009
78246760;96726970;33;3063025
78246760;96726970;33;3063033
78246760;96726970;33;3063035
78246760;96726970;33;3063097
78246760;99017000;33;5733127
78246760;76821330;33;14518076
78246760;76821330;33;14518077
78246760;9956136;33;2441
78246760;99017000;33;5731152
78246760;96726970;33;3062813
78246760;96726970;33;3062674
78246760;96726970;33;3062689
78246760;96726970;33;3062693
78246760;96726970;33;3062739
78246760;96726970;33;3062753
78246760;96726970;33;3062661
78246760;96726970;33;3062411
78246760;96726970;33;3062419
78246760;96726970;33;3062426
78246760;96726970;33;3062437
78246760;96726970;33;3062438
78246760;96726970;33;3062443
78246760;96726970;33;3062444
78246760;96726970;33;3062547
78246760;96726970;33;3062265
78246760;96726970;33;3062268
78246760;96726970;33;3062270
78246760;96726970;33;3062040
78246760;96726970;33;3062101
78246760;96726970;33;3062103
78246760;96726970;33;3062104
78246760;96726970;33;3062191
78246760;96726970;33;3062301
78246760;96726970;33;3062302
78246760;96726970;33;3062188
78246760;96726970;33;3062189
78246760;96726970;33;3062190
78246760;96726970;33;3061786
78246760;96726970;33;3061787
78246760;96726970;33;3061860
78246760;96726970;33;3061864
78246760;96726970;33;3061928
78246760;96726970;33;3061937
78246760;96726970;33;3061942
78246760;96726970;33;3061944
78246760;96726970;33;3061945
78246760;96726970;33;3061950
78246760;96726970;33;3061958
78246760;96792430;33;98765776
78246760;6563073;33;43
78246760;96726970;33;3061710
78246760;96726970;33;3061526
78246760;96726970;33;3061527
78246760;96726970;33;3061529
78246760;96726970;33;3061530
78246760;96726970;33;3061533
78246760;96726970;33;3061628
78246760;96726970;33;3061630
78246760;96726970;33;3061632
78246760;96726970;33;3061633
78246760;96726970;33;3061469
78246760;96726970;33;3061470
78246760;96726970;33;3061256
78246760;96726970;33;3061321
78246760;96726970;33;3061323
78246760;96726970;33;3061324
78246760;96726970;33;3061163
78246760;96726970;33;3061339
78246760;96726970;33;3061344
78246760;96726970;33;3061350
78246760;96726970;33;3061129
78246760;96726970;33;3061136
78246760;96726970;33;3061138
78246760;96726970;33;3061151
78246760;96726970;33;3061152
78246760;96726970;33;3060816
78246760;96726970;33;3060817
78246760;96726970;33;3060818
78246760;96726970;33;3060975
78246760;96726970;33;3060976
78246760;96726970;33;3060771
78246760;96726970;33;3060835
78246760;96726970;33;3060839
78246760;96726970;33;3060863
78246760;96726970;33;3060894
78246760;96726970;33;3060908
78246760;96726970;33;3060915
78246760;9956136;33;2438
78246760;12982796;33;291
78246760;76450825;33;2276
78246760;96726970;33;3060608
78246760;96726970;33;3060609
78246760;96726970;33;3060577
78246760;96726970;33;3060578
78246760;96726970;33;3060579
78246760;96726970;33;3060346
78246760;96726970;33;3060350
78246760;96726970;33;3060365
78246760;96726970;33;3060379
78246760;96726970;33;3060380
78246760;96726970;33;3060386
78246760;96726970;33;3060526
78246760;96726970;33;3060266
78246760;96726970;33;3060268
78246760;96726970;33;3060131
78246760;96726970;33;3060175
78246760;96726970;33;3060194
78246760;96726970;33;3060087
78246760;96726970;33;3060092
78246760;96726970;33;3060109
78246760;96726970;33;3060162
78246760;96726970;33;3059896
78246760;96726970;33;3059957
78246760;96726970;33;3059958
78246760;96726970;33;3060004
78246760;96726970;33;3060005
78246760;96726970;33;3060007
78246760;96726970;33;3060016
78246760;96726970;33;3059622
78246760;96726970;33;3059638
78246760;96726970;33;3059639
78246760;96726970;33;3059640
78246760;97004000;33;26768774
78246760;96726970;33;3059514
78246760;96726970;33;3059502
78246760;96726970;33;3059454
78246760;96726970;33;3059259
78246760;96726970;33;3059260
78246760;96726970;33;3059261
78246760;96726970;33;3059262
78246760;96726970;33;3059263
78246760;96726970;33;3059397
78246760;96726970;33;3059398
78246760;96726970;33;3059399
78246760;96726970;33;3059400
78246760;96726970;33;3059453
78246760;96726970;33;3059241
78246760;96726970;33;3059242
78246760;96726970;33;3059250
78246760;96726970;33;3059323
78246760;96726970;33;3058941
78246760;96726970;33;3058997
78246760;96726970;33;3058998
78246760;96726970;33;3058672
78246760;96726970;33;3058673
78246760;96726970;33;3058730
78246760;96726970;33;3058674
78246760;96726970;33;3058675
78246760;96726970;33;3058684
78246760;96726970;33;3058886
78246760;96726970;33;3058887
78246760;96726970;33;3058888
78246760;96726970;33;3058889
78246760;96726970;33;3058890
78246760;96726970;33;3058524
78246760;96726970;33;3058544
78246760;96726970;33;3058550
78246760;96726970;33;3058441
78246760;96726970;33;3058442
78246760;96726970;33;3058397
78246760;96726970;33;3058512
78246760;76872062;33;87
78246760;76872062;33;86
78246760;9055982;33;438
78246760;96635340;33;842057
78246760;96635340;33;842056
78246760;6666392;33;778
78246760;91755000;33;2764160
78246760;96726970;33;3058281
78246760;96726970;33;3058275
78246760;96726970;33;3058276
78246760;96726970;33;3058252
78246760;96726970;33;3058257
78246760;96726970;33;3058245
78246760;96726970;33;3058246
78246760;96726970;33;3058218
78246760;76052927;34;7279135
78246760;9055982;33;436
78246760;99231000;33;5914800
78246760;77864910;33;256
78246760;9055982;33;434
78246760;97018000;33;6082983
78246760;86855300;33;87307
78246760;96726970;33;3058139
78246760;96726970;33;3058140
78246760;96726970;33;3058141
78246760;96726970;33;3058190
78246760;96726970;33;3058097
78246760;96726970;33;3058099
78246760;96726970;33;3058101
78246760;96726970;33;3057845
78246760;96726970;33;3057846
78246760;96726970;33;3057974
78246760;96726970;33;3057754
78246760;96726970;33;3057714
78246760;96726970;33;3057610
78246760;96726970;33;3057611
78246760;96726970;33;3057568
78246760;96726970;33;3057570
78246760;96726970;33;3057571
78246760;96726970;33;3057640
78246760;96726970;33;3057642
78246760;96726970;33;3057658
78246760;96726970;33;3057659
78246760;96726970;33;3057469
78246760;96726970;33;3057471
78246760;12734347;33;96
78246760;97006000;33;18424557
78246760;76055926;33;8431
78246760;97004000;33;26755317
78246760;96726970;33;3057398
78246760;96726970;33;3057399
78246760;76255883;33;4447
78246760;76186994;33;4107
78246760;76039865;34;31071
78246760;96726970;33;3057087
78246760;96726970;33;3057387
78246760;96726970;33;3057112
78246760;96726970;33;3057034
78246760;96726970;33;3057036
78246760;96726970;33;3057049
78246760;96726970;33;3057031
78246760;96726970;33;3057032
78246760;96726970;33;3056921
78246760;96726970;33;3056958
78246760;96726970;33;3057334
78246760;96726970;33;3056891
78246760;96726970;33;3056892
78246760;96726970;33;3056794
78246760;96726970;33;3056784
78246760;96726970;33;3056785
78246760;96726970;33;3056786
78246760;96726970;33;3056787
78246760;96726970;33;3056789
78246760;96726970;33;3056790
78246760;96726970;33;3056791
78246760;96726970;33;3056793
78246760;96726970;33;3056729
78246760;92580000;33;16604792
78246760;92580000;33;16604793
78246760;76073164;33;4083962
78246760;96726970;33;3056564
78246760;10018279;33;92
78246760;84398200;33;2725999
78246760;96726970;33;3056505
78246760;96726970;33;3056364
78246760;96726970;33;3056366
78246760;96726970;33;3056195
78246760;96726970;33;3056322
78246760;96726970;33;3056299
78246760;96726970;33;3056303
78246760;96726970;33;3056304
78246760;96726970;33;3056311
78246760;96726970;33;3056059
78246760;96726970;33;3056060
78246760;96726970;33;3056041
78246760;96726970;33;3056056
78246760;96726970;33;3056084
78246760;96726970;33;3055849
78246760;96726970;33;3055891
78246760;96726970;33;3055923
78246760;96726970;33;3055924
78246760;96726970;33;3055930
78246760;96726970;33;3055823
78246760;76094327;33;26889
78246760;76910274;33;182
78246760;9956136;33;2426
78246760;84348700;33;4879799
78246760;84348700;33;4879798
78246760;84348700;33;4879797
78246760;9956136;33;2424
78246760;77753050;33;2631
78246760;76124890;33;63503859
78246760;76833720;33;42728394
78246760;79985490;33;546
78246760;76075046;33;49
78246760;78951450;33;51645
78246760;78951450;33;51642
78246760;96726970;33;3055744
78246760;76833300;33;1734807
78246760;8277105;33;31220
78246760;76438335;33;5884
78246760;96726970;33;3055520
78246760;96726970;33;3055521
78246760;96726970;33;3055547
78246760;96726970;33;3055631
78246760;96726970;33;3055632
78246760;96726970;33;3055633
78246760;96726970;33;3055469
78246760;96726970;33;3055102
78246760;96726970;33;3055156
78246760;96726970;33;3055145
78246760;96726970;33;3055297
78246760;96726970;33;3055298
78246760;96726970;33;3054942
78246760;96726970;33;3054955
78246760;9733881;33;455
78246760;96726970;33;3054510
78246760;99061000;33;5530648
78246760;99061000;33;5530651
78246760;99061000;33;5530652
78246760;9055982;33;429
78246760;15659816;33;76
78246760;96792430;33;98633477
78246760;76058647;33;3225784
78246760;81548400;33;2209919
78246760;76578782;33;37957
78246760;76672000;33;12754
78246760;76457935;33;6924
78246760;8277105;33;31166
78246760;76438335;33;5872
78246760;8277105;33;31163
78246760;76457935;33;6923
78246760;76457935;33;6922
78246760;76094327;33;26835
78246760;76094327;33;26834
78246760;76094327;33;26833
78246760;12329177;33;655
78246760;99520000;33;8480939
78246760;99546900;33;211573
78246760;99520000;33;8475943
78246760;96689310;33;28964451
78246760;96689310;33;28830022
78246760;93129000;33;3748127
78246760;76012833;33;25599227
78246760;96726970;33;3053904
78246760;96726970;33;3053853
78246760;96726970;33;3053886
78246760;96726970;33;3053807
78246760;96726970;33;3053816
78246760;96726970;33;3053817
78246760;96726970;33;3053744
78246760;96726970;33;3053664
78246760;96726970;33;3053636
78246760;96726970;33;3053603
78246760;96726970;33;3053556
78246760;96726970;33;3053577
78246760;96726970;33;3053426
78246760;96726970;33;3053429
78246760;96726970;33;3053430
78246760;96726970;33;3053432
78246760;96726970;33;3053525
78246760;96726970;33;3053401
78246760;96726970;33;3053402
78246760;96726970;33;3053409
78246760;96726970;33;3053377
78246760;96726970;33;3053233
78246760;96726970;33;3053234
78246760;96726970;33;3053235
78246760;96726970;33;3053057
78246760;96726970;33;3053097
78246760;96726970;33;3052933
78246760;96726970;33;3052899
78246760;96726970;33;3052931
78246760;96726970;33;3052755
78246760;96726970;33;3052764
78246760;96726970;33;3053002
78246760;96726970;33;3053003
78246760;96726970;33;3053004
78246760;96726970;33;3053005
78246760;96726970;33;3053006
78246760;96726970;33;3052808
78246760;96726970;33;3052809
78246760;9956136;33;2410
78246760;12525729;33;53
78246760;9956136;33;2409
78246760;9956136;33;2408
78246760;96726970;33;3052635
78246760;96726970;33;3052665
78246760;96726970;33;3052666
78246760;96726970;33;3052693
78246760;96726970;33;3052701
78246760;96726970;33;3052524
78246760;96726970;33;3052232
78246760;96726970;33;3052174
78246760;7607127;33;795
78246760;96726970;33;3051967
78246760;96719620;33;9914710
78246760;96719620;33;9912907
78246760;96719620;33;9912222
78246760;96719620;33;9908639
78246760;96719620;33;9907515
78246760;96719620;33;9904859
78246760;96726970;33;3051820
78246760;96726970;33;3051732
78246760;96726970;33;3051733
78246760;96726970;33;3051756
78246760;76039103;33;18
78246760;76316122;34;19
78246760;76234932;33;17
78246760;77108680;33;8268
78246760;96726970;33;3051673
78246760;77961180;33;1725
78246760;7652155;33;452
78246760;9055982;33;427
78246760;9055982;33;426
78246760;96726970;33;3051291
78246760;9055982;33;425
78246760;9055982;33;424
78246760;9055982;33;423
78246760;9055982;33;422
78246760;9055982;33;421
78246760;9055982;33;420
78246760;9055982;33;419
78246760;96726970;33;3051176
78246760;96726970;33;3051134
78246760;96726970;33;3051097
78246760;96726970;33;3051101
78246760;96726970;33;3051103
78246760;96726970;33;3051035
78246760;96726970;33;3051041
78246760;96726970;33;3050863
78246760;96726970;33;3050864
78246760;96726970;33;3050865
78246760;96726970;33;3050693
78246760;96726970;33;3050847
78246760;96726970;33;3050848
78246760;9055982;33;418
78246760;96726970;33;3050592
78246760;96806980;33;38148670
78246760;5832036;33;1375
78246760;96806980;33;38148498
78246760;76367699;33;2666
78246760;96726970;33;3050511
78246760;96726970;33;3050512
78246760;96726970;33;3050473
78246760;96726970;33;3050426
78246760;96726970;33;3050490
78246760;96726970;33;3050278
78246760;96726970;33;3050258
78246760;76276528;33;5695
78246760;81761200;33;179773
78246760;96726970;33;3050053
78246760;96726970;33;3049999
78246760;96726970;33;3049944
78246760;96726970;33;3049945
78246760;96726970;33;3049817
78246760;96726970;33;3049849
78246760;96726970;33;3049866
78246760;96726970;33;3049755
78246760;96726970;33;3049756
78246760;96726970;33;3049730
78246760;96726970;33;3049731
78246760;96726970;33;3049657
78246760;96726970;33;3049658
78246760;96726970;33;3049627
78246760;5832036;33;1327
78246760;5832036;33;1326
78246760;5832036;33;1325
78246760;96726970;33;3049403
78246760;96726970;33;3049404
78246760;96726970;33;3049331
78246760;96726970;33;3049149
78246760;96726970;33;3049157
78246760;96726970;33;3049222
78246760;96726970;33;3049223
78246760;96726970;33;3049163
78246760;96726970;33;3048842
78246760;96726970;33;3049003
78246760;96726970;33;3048933
78246760;96726970;33;3049001
78246760;96726970;33;3048794
78246760;96726970;33;3048769
78246760;96726970;33;3048598
78246760;96726970;33;3048728
78246760;96726970;33;3048729
78246760;96726970;33;3048718
78246760;96726970;33;3048721
78246760;96726970;33;3048420
78246760;96726970;33;3048421
78246760;96726970;33;3048422
78246760;96815130;33;165681
78246760;96726970;33;3048353
78246760;96726970;33;3048263
78246760;96726970;33;3048272
78246760;96726970;33;3048105
78246760;96726970;33;3047933
78246760;96726970;33;3047941
78246760;96726970;33;3047951
78246760;96726970;33;3047952
78246760;96726970;33;3047953
78246760;96726970;33;3048019
78246760;96726970;33;3048042
78246760;96726970;33;3047871
78246760;96726970;33;3047614
78246760;96726970;33;3047855
78246760;96726970;33;3047864
78246760;96726970;33;3047817
78246760;96726970;33;3047635
78246760;96726970;33;3047774
78246760;96726970;33;3047775
78246760;96726970;33;3047506
78246760;96726970;33;3047507
78246760;96726970;33;3047361
78246760;96726970;33;3047362
78246760;96726970;33;3047387
78246760;96726970;33;3047389
78246760;96726970;33;3047400
78246760;96726970;33;3047401
78246760;96726970;33;3047433
78246760;96726970;33;3047434
78246760;96726970;33;3047250
78246760;96726970;33;3046198
78246760;96726970;33;3046415
78246760;96726970;33;3047141
78246760;96726970;33;3047156
78246760;96726970;33;3047010
78246760;96726970;33;3047012
78246760;96726970;33;3047015
78246760;96726970;33;3047016
78246760;96726970;33;3047088
78246760;96726970;33;3046972
78246760;96726970;33;3046977
78246760;96726970;33;3046866
78246760;96726970;33;3046600
78246760;96726970;33;3046513
78246760;96726970;33;3046514
78246760;96726970;33;3046777
78246760;96726970;33;3046590
78246760;96726970;33;3046711
78246760;96726970;33;3046752
78246760;96726970;33;3046557
78246760;96726970;33;3046558
78246760;96726970;33;3046780
78246760;96726970;33;3046237
78246760;96726970;33;3046238
78246760;96726970;33;3046475
78246760;96726970;33;3046442
78246760;96726970;33;3046239
78246760;81187800;33;1298199
78246760;96792430;33;98502620
78246760;96792430;33;98502621
78246760;77692580;33;168520
78246760;76821330;33;14462832
78246760;96511460;33;16556234
78246760;76397931;33;1186
78246760;81761200;33;179327
78246760;76186994;33;3986
78246760;96945440;34;6219186
78246760;81548400;33;2206105
78246760;94510000;33;2208105
78246760;94510000;33;2208103
78246760;94510000;33;2208101
78246760;94510000;33;2208100
78246760;94510000;33;2208098
78246760;94510000;33;2208097
78246760;94510000;33;2208095
78246760;96726970;33;3046111
78246760;96726970;33;3046031
78246760;96726970;33;3046032
78246760;96726970;33;3046037
78246760;96726970;33;3045713
78246760;96726970;33;3045756
78246760;96726970;33;3045757
78246760;96726970;33;3045758
78246760;96726970;33;3045852
78246760;96726970;33;3045956
78246760;96726970;33;3045857
78246760;96726970;33;3045878
78246760;96726970;33;3045879
78246760;96726970;33;3045749
78246760;96726970;33;3045750
78246760;96726970;33;3045751
78246760;96726970;33;3045752
78246760;96726970;33;3045753
78246760;96726970;33;3045754
78246760;96726970;33;3045600
78246760;96726970;33;3045328
78246760;96726970;33;3045329
78246760;96726970;33;3045308
78246760;96726970;33;3045310
78246760;96726970;33;3045311
78246760;96726970;33;3045363
78246760;96726970;33;3045150
78246760;96726970;33;3045127
78246760;96726970;33;3045251
78246760;96726970;33;3045254
78246760;96726970;33;3045110
78246760;96726970;33;3045111
78246760;96726970;33;3045070
78246760;96726970;33;3045021
78246760;96726970;33;3045030
78246760;9055982;33;417
78246760;9055982;33;416
78246760;9055982;33;415
78246760;9973540;33;1825
78246760;76496130;34;5448698
78246760;96726970;33;3044966
78246760;96726970;33;3044971
78246760;96726970;33;3044972
78246760;96726970;33;3044931
78246760;96726970;33;3044939
78246760;96726970;33;3044917
78246760;96726970;33;3044894
78246760;96726970;33;3044895
78246760;96726970;33;3044897
78246760;96726970;33;3044903
78246760;96726970;33;3044904
78246760;96726970;33;3044905
78246760;96726970;33;3044892
78246760;96726970;33;3044847
78246760;96726970;33;3044848
78246760;96726970;33;3044849
78246760;96726970;33;3044862
78246760;96726970;33;3044864
78246760;96726970;33;3044865
78246760;96726970;33;3044866
78246760;96726970;33;3044880
78246760;96726970;33;3044882
78246760;96726970;33;3044846
78246760;96726970;33;3044662
78246760;96726970;33;3044497
78246760;96726970;33;3044540
78246760;96726970;33;3044541
78246760;96726970;33;3044569
78246760;96726970;33;3044570
78246760;96726970;33;3044723
78246760;96726970;33;3044725
78246760;96726970;33;3044306
78246760;96726970;33;3044429
78246760;96726970;33;3044374
78246760;96726970;33;3044375
78246760;96726970;33;3044307
78246760;96726970;33;3044324
78246760;96726970;33;3044399
78246760;96726970;33;3044403
78246760;96726970;33;3044185
78246760;96726970;33;3043935
78246760;96726970;33;3043936
78246760;96726970;33;3044047
78246760;96726970;33;3044146
78246760;96726970;33;3044147
78246760;96726970;33;3044156
78246760;96726970;33;3043895
78246760;96726970;33;3044172
78246760;96726970;33;3044182
78246760;12319339;33;876
78246760;81537600;33;29995091
78246760;99546900;33;210804
78246760;84348700;33;4840891
78246760;76616419;33;1257
78246760;96726970;33;3043795
78246760;96726970;33;3043796
78246760;96726970;33;3043797
78246760;96726970;33;3043703
78246760;96726970;33;3043711
78246760;96726970;33;3043712
78246760;96726970;33;3043725
78246760;96726970;33;3043466
78246760;96726970;33;3043524
78246760;96726970;33;3043539
78246760;96726970;33;3043547
78246760;96726970;33;3043678
78246760;96726970;33;3043679
78246760;96726970;33;3043680
78246760;96726970;33;3043681
78246760;96726970;33;3043612
78246760;96726970;33;3043613
78246760;96726970;33;3043614
78246760;96726970;33;3043616
78246760;96726970;33;3043621
78246760;96726970;33;3043622
78246760;96726970;33;3043646
78246760;96726970;33;3043734
78246760;96726970;33;3043737
78246760;77308130;33;2027
78246760;96726970;33;3043199
78246760;96726970;33;3043345
78246760;96726970;33;3043249
78246760;96726970;33;3043250
78246760;96726970;33;3043251
78246760;96726970;33;3043254
78246760;96726970;33;3043237
78246760;96726970;33;3042924
78246760;96726970;33;3042882
78246760;96726970;33;3042897
78246760;96726970;33;3042900
78246760;96726970;33;3042962
78246760;96726970;33;3042963
78246760;92580000;33;16593255
78246760;76568660;33;20029959
78246760;96726970;33;3042815
78246760;96697410;33;7858116
78246760;96726970;33;3042582
78246760;96726970;33;3042636
78246760;96726970;33;3042652
78246760;96726970;33;3042653
78246760;96726970;33;3042654
78246760;96726970;33;3042383
78246760;96726970;33;3042390
78246760;96726970;33;3042498
78246760;96726970;33;3042499
78246760;96726970;33;3042255
78246760;96726970;33;3042046
78246760;96726970;33;3042047
78246760;96726970;33;3042048
78246760;96726970;33;3042189
78246760;96726970;33;3042190
78246760;96726970;33;3041970
78246760;96726970;33;3041971
78246760;96726970;33;3041972
78246760;96726970;33;3042019
78246760;96726970;33;3042058
78246760;96726970;33;3041851
78246760;96726970;33;3041853
78246760;96726970;33;3041743
78246760;96726970;33;3041774
78246760;86855300;33;86583
78246760;12982796;33;281
78246760;89862200;34;3444112
78246760;77753050;33;2577
78246760;76075046;33;48
78246760;9956136;33;2378
78246760;97036000;33;30817099
78246760;77524740;33;66984
78246760;96726970;33;3041306
78246760;96726970;33;3041307
78246760;96726970;33;3041308
78246760;96726970;33;3041448
78246760;96726970;33;3041133
78246760;96726970;33;3041135
78246760;96726970;33;3041139
78246760;96726970;33;3041107
78246760;96726970;33;3041122
78246760;96726970;33;3041124
78246760;96726970;33;3041097
78246760;96726970;33;3040888
78246760;96726970;33;3040927
78246760;96726970;33;3040981
78246760;96726970;33;3040982
78246760;96726970;33;3040842
78246760;96726970;33;3040659
78246760;96726970;33;3040746
78246760;96726970;33;3040852
78246760;96726970;33;3040513
78246760;96726970;33;3040514
78246760;96726970;33;3040515
78246760;96726970;33;3040516
78246760;96726970;33;3040562
78246760;96726970;33;3040346
78246760;96726970;33;3040317
78246760;96726970;33;3040318
78246760;96726970;33;3040319
78246760;96726970;33;3040433
78246760;96726970;33;3040434
78246760;96726970;33;3040448
78246760;96726970;33;3040450
78246760;96726970;33;3040461
78246760;96726970;33;3040405
78246760;96726970;33;3040412
78246760;96726970;33;3040517
78246760;96726970;33;3040518
78246760;96726970;33;3040243
78246760;96726970;33;3040249
78246760;96726970;33;3040250
78246760;76833300;33;1725295
78246760;8277105;33;30734
78246760;99520000;33;8163845
78246760;96726970;33;3040083
78246760;96726970;33;3040084
78246760;96726970;33;3040122
78246760;96726970;33;3040144
78246760;96726970;33;3040173
78246760;96726970;33;3040182
78246760;96726970;33;3039978
78246760;96726970;33;3039979
78246760;96726970;33;3039831
78246760;96726970;33;3039698
78246760;96726970;33;3039848
78246760;96726970;33;3039850
78246760;96726970;33;3039914
78246760;96726970;33;3039690
78246760;96726970;33;3039694
78246760;96726970;33;3039749
78246760;96726970;33;3039670
78246760;96726970;33;3039500
78246760;96726970;33;3039600
78246760;96726970;33;3039614
78246760;96726970;33;3039615
78246760;96726970;33;3039364
78246760;96726970;33;3039365
78246760;96726970;33;3039366
78246760;96726970;33;3039367
78246760;96726970;33;3039455
78246760;96726970;33;3039486
78246760;96726970;33;3039496
78246760;96726970;33;3039476
78246760;96726970;33;3039402
78246760;96726970;33;3039403
78246760;96726970;33;3039404
78246760;96726970;33;3039405
78246760;96726970;33;3039406
78246760;96726970;33;3039407
78246760;96726970;33;3039410
78246760;96726970;33;3039411
78246760;96726970;33;3039103
78246760;76821330;33;14435949
78246760;76228364;33;667
78246760;96726970;33;3039015
78246760;96726970;33;3039016
78246760;96726970;33;3038970
78246760;96726970;33;3038891
78246760;96726970;33;3038683
78246760;96726970;33;3038761
78246760;96726970;33;3038762
78246760;96726970;33;3038763
78246760;96726970;33;3038780
78246760;96726970;33;3038781
78246760;96726970;33;3038788
78246760;96726970;33;3038789
78246760;96726970;33;3038792
78246760;96726970;33;3038793
78246760;96726970;33;3038794
78246760;96726970;33;3038889
78246760;96726970;33;3038731
78246760;96726970;33;3038735
78246760;96726970;33;3038637
78246760;96726970;33;3038642
78246760;96726970;33;3038343
78246760;96726970;33;3038516
78246760;96726970;33;3038593
78246760;96726970;33;3038594
78246760;96726970;33;3038602
78246760;96726970;33;3038353
78246760;96726970;33;3038417
78246760;96726970;33;3038162
78246760;96726970;33;3038163
78246760;96726970;33;3038164
78246760;96726970;33;3038265
78246760;96726970;33;3038148
78246760;96726970;33;3038040
78246760;96726970;33;3038048
78246760;96726970;33;3038049
78246760;96726970;33;3038051
78246760;96726970;33;3038053
78246760;96726970;33;3038111
78246760;96726970;33;3036670
78246760;96726970;33;3035846
78246760;96726970;33;3035845
78246760;96726970;33;3036277
78246760;96726970;33;3036275
78246760;96726970;33;3036271
78246760;96726970;33;3036159
78246760;96726970;33;3036109
78246760;96726970;33;3036152
78246760;96726970;33;3036149
78246760;96726970;33;3036605
78246760;96726970;33;3036604
78246760;96726970;33;3036674
78246760;96726970;33;3036666
78246760;96726970;33;3036663
78246760;96726970;33;3036426
78246760;96726970;33;3036423
78246760;96726970;33;3036422
78246760;96726970;33;3036418
78246760;96726970;33;3036746
78246760;96726970;33;3037267
78246760;9956136;33;2362
78246760;76228364;33;665
78246760;9055982;33;411
78246760;97004000;33;26591598
78246760;96726970;33;3037779
78246760;96726970;33;3037878
78246760;96726970;33;3037704
78246760;96726970;33;3037535
78246760;96726970;33;3037536
78246760;96726970;33;3037537
78246760;96726970;33;3037538
78246760;96726970;33;3037539
78246760;96726970;33;3037540
78246760;96726970;33;3037672
78246760;96726970;33;3037184
78246760;96726970;33;3037185
78246760;96726970;33;3037266
78246760;96726970;33;3037338
78246760;96726970;33;3037407
78246760;96726970;33;3037432
78246760;96726970;33;3037292
78246760;96726970;33;3037294
78246760;96726970;33;3036938
78246760;96726970;33;3037047
78246760;96726970;33;3037051
78246760;96726970;33;3037056
78246760;96726970;33;3037057
78246760;96726970;33;3037058
78246760;96726970;33;3036839
78246760;96726970;33;3036840
78246760;96726970;33;3038112
78246760;96726970;33;3037992
78246760;96726970;33;3034061
78246760;96726970;33;3034060
78246760;96726970;33;3033973
78246760;96726970;33;3033972
78246760;96726970;33;3034129
78246760;96726970;33;3034078
78246760;96726970;33;3034184
78246760;96726970;33;3034269
78246760;96726970;33;3034457
78246760;96726970;33;3034456
78246760;96726970;33;3034487
78246760;96726970;33;3034547
78246760;96726970;33;3034667
78246760;96726970;33;3033816
78246760;92580000;33;16587397
78246760;92580000;33;16587398
78246760;99017000;33;5654166
78246760;99017000;33;5650658
78246760;78951450;33;50640
78246760;97006000;33;18286912
78246760;96726970;33;3034021
78246760;96726970;33;3033848
78246760;96726970;33;3034063
78246760;96726970;33;3034904
78246760;96726970;33;3034901
78246760;96726970;33;3034899
78246760;96726970;33;3035476
78246760;96726970;33;3035568
78246760;96726970;33;3034769
78246760;96726970;33;3035588
78246760;96726970;33;3034913
78246760;96726970;33;3034903
78246760;96726970;33;3034919
78246760;96726970;33;3035213
78246760;96726970;33;3035212
78246760;96726970;33;3035211
78246760;96726970;33;3035202
78246760;96726970;33;3035245
78246760;96726970;33;3035299
78246760;96726970;33;3035007
78246760;96726970;33;3035437
78246760;96726970;33;3035473
78246760;96726970;33;3035472
78246760;96726970;33;3035482
78246760;96726970;33;3035477
78246760;96726970;33;3034673
78246760;96726970;33;3034726
78246760;96726970;33;3034722
78246760;8277105;33;30503
78246760;97004000;33;26574621
78246760;76228364;33;662
78246760;96726970;33;3034815
78246760;96726970;33;3034814
78246760;96726970;33;3034812
78246760;96726970;33;3034874
78246760;96726970;33;3034915
78246760;96726970;33;3034914
78246760;97004000;33;26585433
78246760;76012833;33;25524235
78246760;8277105;33;30564
78246760;91755000;33;2748096
78246760;76565314;33;21647
78246760;96726970;33;3035739
78246760;96726970;33;3035738
78246760;96726970;33;3035737
78246760;96726970;33;3036026
78246760;96726970;33;3035934
78246760;96726970;33;3035991
78246760;96726970;33;3035990
78246760;96726970;33;3035975
78246760;96726970;33;3035969
78246760;96726970;33;3032148
78246760;96726970;33;3032122
78246760;96726970;33;3032121
78246760;96726970;33;3032081
78246760;96726970;33;3032300
78246760;96726970;33;3032105
78246760;96726970;33;3032353
78246760;96726970;33;3032080
78246760;96726970;33;3032079
78246760;96726970;33;3032078
78246760;96726970;33;3032062
78246760;96726970;33;3032314
78246760;96726970;33;3032611
78246760;96726970;33;3032610
78246760;96726970;33;3032609
78246760;76039865;34;28334
78246760;76039865;34;29373
78246760;96726970;33;3033120
78246760;96726970;33;3032661
78246760;96726970;33;3032668
78246760;76124890;33;63355329
78246760;8277105;33;30414
78246760;13629564;33;1364
78246760;77215640;33;9159604
78246760;76833720;33;42580469
78246760;76662751;33;334
78246760;85067500;33;422757
78246760;76075046;33;47
78246760;77753050;33;2552
78246760;96726970;33;3033009
78246760;96726970;33;3033008
78246760;96726970;33;3032988
78246760;96726970;33;3032985
78246760;96726970;33;3032984
78246760;96726970;33;3033030
78246760;96726970;33;3033029
78246760;96726970;33;3033028
78246760;96726970;33;3032874
78246760;96726970;33;3032750
78246760;96726970;33;3032747
78246760;96726970;33;3032746
78246760;96726970;33;3033176
78246760;96726970;33;3033119
78246760;96726970;33;3033112
78246760;96726970;33;3033279
78246760;96726970;33;3033332
78246760;96726970;33;3033331
78246760;96726970;33;3033330
78246760;96726970;33;3033329
78246760;96726970;33;3033314
78246760;96726970;33;3033313
78246760;96726970;33;3033241
78246760;96726970;33;3033231
78246760;96726970;33;3033517
78246760;96726970;33;3033516
78246760;96726970;33;3033515
78246760;96726970;33;3033561
78246760;96726970;33;3033428
78246760;96726970;33;3033735
78246760;96726970;33;3033731
78246760;96726970;33;3033699
78246760;96726970;33;3033698
78246760;96726970;33;3033697
78246760;96726970;33;3033696
78246760;96726970;33;3033695
78246760;96726970;33;3033691
78246760;96726970;33;3033649
78246760;96726970;33;3033642
78246760;9055982;33;404
78246760;9055982;33;405
78246760;9055982;33;406
78246760;9055982;33;407
78246760;9055982;33;408
78246760;9055982;33;409
78246760;9055982;33;410
78246760;96726970;33;3033787
78246760;96726970;33;3027470
78246760;96726970;33;3027465
78246760;99520000;33;7997961
78246760;99520000;33;8000121
78246760;76228364;33;660
78246760;99546900;33;209320
78246760;12525729;33;51
78246760;76524794;34;1116
78246760;9733881;33;438
78246760;76672000;33;12532
78246760;76075046;33;46
78246760;76058647;33;3163953
78246760;96726970;33;3028366
78246760;96726970;33;3030244
78246760;96726970;33;3030172
78246760;96726970;33;3030167
78246760;96726970;33;3030113
78246760;96726970;33;3030282
78246760;96726970;33;3030567
78246760;96726970;33;3030387
78246760;96726970;33;3030306
78246760;96726970;33;3030560
78246760;96726970;33;3030547
78246760;96726970;33;3030509
78246760;96726970;33;3030369
78246760;96726970;33;3030367
78246760;76833300;33;1707950
78246760;97004000;33;26489799
78246760;97004000;33;26489798
78246760;96726970;33;3030741
78246760;86855300;33;86045
78246760;97018000;33;6056893
78246760;96792430;33;97894938
78246760;77753050;33;2543
78246760;96726970;33;3030095
78246760;96726970;33;3030087
78246760;96726970;33;3030040
78246760;96726970;33;3030280
78246760;96726970;33;3030278
78246760;96726970;33;3030277
78246760;96726970;33;3030259
78246760;96689310;33;28678493
78246760;96726970;33;3031567
78246760;6563073;33;38
78246760;96726970;33;3030849
78246760;9713837;33;11303
78246760;76578782;33;32720
78246760;7275436;33;5909
78246760;96726970;33;3031404
78246760;96726970;33;3031360
78246760;96726970;33;3031345
78246760;96726970;33;3031251
78246760;96726970;33;3031380
78246760;96726970;33;3031379
78246760;96726970;33;3031378
78246760;96726970;33;3031646
78246760;96726970;33;3031644
78246760;96726970;33;3031047
78246760;96726970;33;3031048
78246760;96726970;33;3031093
78246760;96726970;33;3031156
78246760;96726970;33;3031158
78246760;96726970;33;3030958
78246760;96726970;33;3030854
78246760;96726970;33;3030847
78246760;96726970;33;3031822
78246760;96726970;33;3031761
78246760;96726970;33;3031778
78246760;76073164;33;4057151
78246760;96726970;33;3025329
78246760;96726970;33;3025318
78246760;76316122;34;18
78246760;96726970;33;3025152
78246760;7652155;33;437
78246760;96726970;33;3025220
78246760;11449226;33;568
78246760;96726970;33;3025270
78246760;96726970;33;3025264
78246760;96726970;33;3027318
78246760;96726970;33;3027317
78246760;96726970;33;3027331
78246760;96726970;33;3027384
78246760;96726970;33;3027363
78246760;96726970;33;3027360
78246760;96726970;33;3027393
78246760;96719620;33;9873604
78246760;96719620;33;9866891
78246760;96719620;33;9869548
78246760;96719620;33;9870673
78246760;96719620;33;9874249
78246760;96719620;33;9874956
78246760;96719620;33;9876765
78246760;96726970;33;3025529
78246760;96726970;33;3025418
78246760;96726970;33;3025541
78246760;96726970;33;3025488
78246760;96726970;33;3025598
78246760;96726970;33;3025798
78246760;96726970;33;3025797
78246760;96726970;33;3025796
78246760;96726970;33;3025774
78246760;96726970;33;3025843
78246760;96726970;33;3026018
78246760;96726970;33;3026009
78246760;96726970;33;3026007
78246760;96726970;33;3026006
78246760;96726970;33;3026005
78246760;96726970;33;3026116
78246760;96726970;33;3026205
78246760;76367699;33;2593
78246760;96726970;33;3026416
78246760;96726970;33;3026415
78246760;96726970;33;3026414
78246760;96726970;33;3026437
78246760;96726970;33;3026430
78246760;96726970;33;3026426
78246760;96726970;33;3026512
78246760;77586750;33;139036
78246760;96726970;33;3026565
78246760;96726970;33;3026564
78246760;96726970;33;3026563
78246760;81537600;33;29919665
78246760;81537600;33;29919666
78246760;81537600;33;29919667
78246760;96726970;33;3026621
78246760;8327221;33;43
78246760;96726970;33;3026703
78246760;96726970;33;3026722
78246760;96726970;33;3026788
78246760;96726970;33;3026950
78246760;96726970;33;3026889
78246760;96726970;33;3026879
78246760;96726970;33;3026877
78246760;77961180;33;1672
78246760;96726970;33;3026990
78246760;96726970;33;3026985
78246760;96726970;33;3026979
78246760;99061000;33;5454756
78246760;99061000;33;5454755
78246760;99061000;33;5454754
78246760;96726970;33;3027007
78246760;96726970;33;3027076
78246760;96726970;33;3027075
78246760;96726970;33;3027074
78246760;96726970;33;3027039
78246760;96726970;33;3027192
78246760;94510000;33;2195990
78246760;94510000;33;2195987
78246760;94510000;33;2195985
78246760;94510000;33;2195984
78246760;94510000;33;2195980
78246760;94510000;33;2195979
78246760;96726970;33;3023660
78246760;96726970;33;3023661
78246760;96726970;33;3023664
78246760;96726970;33;3023665
78246760;96726970;33;3023603
78246760;96726970;33;3023545
78246760;96726970;33;3023586
78246760;76821330;33;14379383
78246760;76821330;33;14379690
78246760;76397931;33;1164
78246760;96726970;33;3023505
78246760;81537600;33;29892583
78246760;81537600;33;29882352
78246760;81537600;33;29882351
78246760;96726970;33;3023395
78246760;96726970;33;3023291
78246760;96726970;33;3023292
78246760;96726970;33;3023296
78246760;89862200;34;3424975
78246760;89862200;34;3424637
78246760;12329177;33;621
78246760;5832036;33;1266
78246760;5832036;33;1265
78246760;5832036;33;1264
78246760;81537600;33;29890972
78246760;76276528;33;5526
78246760;96726970;33;3024748
78246760;96726970;33;3024419
78246760;96726970;33;3024302
78246760;96726970;33;3024304
78246760;96726970;33;3024314
78246760;96726970;33;3024315
78246760;96726970;33;3024446
78246760;96726970;33;3024480
78246760;96726970;33;3024538
78246760;96726970;33;3024045
78246760;96726970;33;3024046
78246760;96726970;33;3024047
78246760;96726970;33;3024051
78246760;96726970;33;3024052
78246760;96726970;33;3024120
78246760;96726970;33;3024121
78246760;96726970;33;3024122
78246760;96726970;33;3024127
78246760;96726970;33;3024135
78246760;96726970;33;3024136
78246760;96726970;33;3024137
78246760;96726970;33;3024229
78246760;96726970;33;3023957
78246760;96726970;33;3024068
78246760;96726970;33;3024152
78246760;81643200;33;1062874
78246760;85218700;33;121190
78246760;7726959;33;6467
78246760;7726959;33;6464
78246760;96726970;33;3023864
78246760;96726970;33;3025072
78246760;96726970;33;3024992
78246760;96726970;33;3024991
78246760;96726970;33;3024746
78246760;76039103;33;17
78246760;96726970;33;3023842
78246760;96726970;33;3023705
78246760;96726970;33;3023700
78246760;96726970;33;3024699
78246760;96726970;33;3024698
78246760;96726970;33;3024639
78246760;96726970;33;3024638
78246760;96726970;33;3024636
78246760;96726970;33;3024747
78246760;96726970;33;3021504
78246760;96726970;33;3021500
78246760;96726970;33;3021494
78246760;96726970;33;3021493
78246760;96726970;33;3021492
78246760;96726970;33;3021491
78246760;96726970;33;3021668
78246760;96726970;33;3021651
78246760;96726970;33;3021650
78246760;96726970;33;3021815
78246760;96726970;33;3021814
78246760;96726970;33;3021772
78246760;96726970;33;3021764
78246760;96726970;33;3021737
78246760;96726970;33;3021727
78246760;96945440;34;6171437
78246760;96726970;33;3021180
78246760;96726970;33;3021188
78246760;96726970;33;3021189
78246760;96726970;33;3021255
78246760;96726970;33;3021388
78246760;96726970;33;3021233
78246760;96726970;33;3021209
78246760;96726970;33;3021216
78246760;96726970;33;3021218
78246760;96726970;33;3021080
78246760;96726970;33;3021081
78246760;96726970;33;3021086
78246760;96726970;33;3021087
78246760;96726970;33;3021088
78246760;96726970;33;3021089
78246760;96726970;33;3022219
78246760;96726970;33;3023297
78246760;96726970;33;3023356
78246760;96726970;33;3023357
78246760;96726970;33;3023358
78246760;96726970;33;3023359
78246760;96726970;33;3023040
78246760;96726970;33;3023041
78246760;96726970;33;3023042
78246760;96726970;33;3023253
78246760;96726970;33;3023266
78246760;96726970;33;3023267
78246760;96726970;33;3023268
78246760;96726970;33;3022882
78246760;96726970;33;3022892
78246760;96726970;33;3022932
78246760;96726970;33;3022933
78246760;96726970;33;3022934
78246760;96726970;33;3022958
78246760;96726970;33;3022401
78246760;96726970;33;3022672
78246760;96726970;33;3022454
78246760;96726970;33;3022199
78246760;96726970;33;3022309
78246760;96726970;33;3022152
78246760;96726970;33;3022167
78246760;96726970;33;3022217
78246760;96726970;33;3022218
78246760;96726970;33;3022323
78246760;96726970;33;3022358
78246760;96726970;33;3022050
78246760;96726970;33;3022052
78246760;96726970;33;3022054
78246760;96726970;33;3022066
78246760;96726970;33;3022070
78246760;96726970;33;3022071
78246760;96726970;33;3022072
78246760;96726970;33;3022074
78246760;96726970;33;3022075
78246760;96726970;33;3022077
78246760;96726970;33;3021944
78246760;96726970;33;3021945
78246760;10604044;33;12
78246760;89862200;34;3418901
78246760;96726970;33;3021888
78246760;96726970;33;3019305
78246760;96726970;33;3019270
78246760;96726970;33;3019265
78246760;96726970;33;3019558
78246760;96726970;33;3019573
78246760;96726970;33;3019572
78246760;96726970;33;3019571
78246760;96726970;33;3019507
78246760;96726970;33;3019453
78246760;96726970;33;3019452
78246760;96726970;33;3019451
78246760;96726970;33;3019449
78246760;96726970;33;3019132
78246760;96726970;33;3020655
78246760;96726970;33;3020657
78246760;96726970;33;3020658
78246760;96726970;33;3020659
78246760;96726970;33;3020661
78246760;96726970;33;3020662
78246760;96726970;33;3020663
78246760;96726970;33;3020664
78246760;96726970;33;3020665
78246760;96726970;33;3020292
78246760;96726970;33;3020293
78246760;96726970;33;3020315
78246760;96726970;33;3020335
78246760;96726970;33;3020336
78246760;96726970;33;3020337
78246760;96726970;33;3020125
78246760;96726970;33;3020209
78246760;96726970;33;3020370
78246760;96726970;33;3020187
78246760;96726970;33;3019891
78246760;96726970;33;3020038
78246760;96726970;33;3019946
78246760;96726970;33;3020021
78246760;96726970;33;3020022
78246760;96726970;33;3020023
78246760;96726970;33;3019790
78246760;96726970;33;3019853
78246760;96726970;33;3019975
78246760;96726970;33;3019792
78246760;96726970;33;3019796
78246760;8277105;33;30036
78246760;88855300;33;2295367
78246760;96726970;33;3019748
78246760;96726970;33;3020371
78246760;96726970;33;3020533
78246760;96726970;33;3020537
78246760;96726970;33;3020538
78246760;96726970;33;3020545
78246760;96726970;33;3020546
78246760;96726970;33;3020430
78246760;96726970;33;3020445
78246760;96726970;33;3020612
78246760;96726970;33;3020654
78246760;96726970;33;3020656
78246760;96726970;33;3020923
78246760;96726970;33;3020925
78246760;96726970;33;3021040
78246760;96726970;33;3021068
78246760;96726970;33;3021069
78246760;96726970;33;3020798
78246760;8327221;33;41
78246760;84348700;33;4779241
78246760;76231247;33;786
78246760;77753050;33;2520
78246760;77963410;33;2963
78246760;76075046;33;44
78246760;6666392;33;719
78246760;96726970;33;3020757
78246760;96726970;33;3020922
78246760;96726970;33;3016680
78246760;96726970;33;3016504
78246760;96726970;33;3016698
78246760;96726970;33;3016574
78246760;96726970;33;3016453
78246760;96726970;33;3016452
78246760;96726970;33;3016450
78246760;96726970;33;3016424
78246760;96726970;33;3016962
78246760;96726970;33;3016956
78246760;96726970;33;3016745
78246760;96726970;33;3017008
78246760;96726970;33;3017005
78246760;96726970;33;3017004
78246760;96726970;33;3017003
78246760;96726970;33;3017001
78246760;96726970;33;3016985
78246760;96726970;33;3016983
78246760;96726970;33;3016972
78246760;96792430;33;96753914
78246760;76073164;33;4047899
78246760;76008437;33;1073
78246760;96726970;33;3018059
78246760;96726970;33;3017874
78246760;96726970;33;3017865
78246760;96726970;33;3017963
78246760;96726970;33;3018074
78246760;96726970;33;3018073
78246760;96726970;33;3018028
78246760;96726970;33;3018124
78246760;96726970;33;3018093
78246760;96726970;33;3018092
78246760;96726970;33;3018567
78246760;96726970;33;3018415
78246760;96726970;33;3018414
78246760;96726970;33;3018413
78246760;96726970;33;3018531
78246760;96726970;33;3018477
78246760;96726970;33;3018894
78246760;96726970;33;3018759
78246760;99546900;33;208820
78246760;13393477;33;261
78246760;96726970;33;3017580
78246760;96726970;33;3017780
78246760;96726970;33;3017779
78246760;96726970;33;3017766
78246760;96726970;33;3017765
78246760;96726970;33;3017622
78246760;96726970;33;3017583
78246760;96726970;33;3017548
78246760;96726970;33;3017500
78246760;96726970;33;3017621
78246760;96726970;33;3017620
78246760;96726970;33;3017654
78246760;96726970;33;3018058
78246760;96726970;33;3019261
78246760;96726970;33;3018938
78246760;96726970;33;3018935
78246760;78885550;33;3412546
78246760;96726970;33;3018998
78246760;96726970;33;3019040
78246760;96726970;33;3019036
78246760;96726970;33;3019004
78246760;96726970;33;3019001
78246760;96726970;33;3019020
78246760;96726970;33;3019016
78246760;96726970;33;3019012
78246760;96726970;33;3019025
78246760;96726970;33;3019024
78246760;96726970;33;3019028
78246760;96726970;33;3019091
78246760;96726970;33;3019119
78246760;96726970;33;3019114
78246760;96726970;33;3019304
78246760;96726970;33;3019288
78246760;96726970;33;3019262
78246760;96726970;33;3014401
78246760;96726970;33;3014362
78246760;96726970;33;3014361
78246760;96726970;33;3014344
78246760;96726970;33;3014320
78246760;96726970;33;3014309
78246760;96726970;33;3014825
78246760;96726970;33;3014817
78246760;96726970;33;3014307
78246760;96726970;33;3014500
78246760;96726970;33;3014492
78246760;96726970;33;3014420
78246760;96726970;33;3014343
78246760;96726970;33;3014227
78246760;8277105;33;29891
78246760;96726970;33;3014598
78246760;96726970;33;3014597
78246760;96726970;33;3014794
78246760;96726970;33;3014793
78246760;96726970;33;3014720
78246760;96726970;33;3014719
78246760;96726970;33;3014718
78246760;96726970;33;3014867
78246760;96726970;33;3014856
78246760;96726970;33;3014853
78246760;96726970;33;3014451
78246760;96726970;33;3015792
78246760;96726970;33;3015051
78246760;96726970;33;3015117
78246760;99520000;33;7986801
78246760;99017000;33;5605548
78246760;99017000;33;5602966
78246760;99017000;33;5606374
78246760;96726970;33;3015128
78246760;96726970;33;3015127
78246760;96726970;33;3015126
78246760;96726970;33;3015244
78246760;96726970;33;3015360
78246760;96726970;33;3015287
78246760;96726970;33;3015219
78246760;96726970;33;3015207
78246760;96726970;33;3015638
78246760;96726970;33;3015637
78246760;96726970;33;3015636
78246760;96726970;33;3015514
78246760;96726970;33;3015646
78246760;96726970;33;3015698
78246760;96726970;33;3015877
78246760;96726970;33;3015865
78246760;96726970;33;3015856
78246760;96726970;33;3015817
78246760;96726970;33;3015808
78246760;96726970;33;3015805
78246760;96726970;33;3015804
78246760;96726970;33;3016021
78246760;96726970;33;3016018
78246760;96726970;33;3015799
78246760;96726970;33;3015797
78246760;96726970;33;3015796
78246760;96726970;33;3015795
78246760;96726970;33;3015794
78246760;96726970;33;3015791
78246760;96726970;33;3015790
78246760;96726970;33;3015935
78246760;96726970;33;3015931
78246760;96726970;33;3016079
78246760;9956136;33;2296
78246760;76228364;33;648
78246760;78371600;33;178631
78246760;84398200;33;2709642
78246760;76833300;33;1697535
78246760;96697410;33;7833223
78246760;96726970;33;3016218
78246760;96726970;33;3016264
78246760;78885550;33;3316427
78246760;9055982;33;398
78246760;77963410;33;2925
78246760;76012833;33;25437994
78246760;76214241;33;879
78246760;96726970;33;3013383
78246760;96726970;33;3013382
78246760;96726970;33;3013381
78246760;96726970;33;3013380
78246760;96726970;33;3013379
78246760;96726970;33;3013378
78246760;96726970;33;3013377
78246760;96726970;33;3013568
78246760;96726970;33;3013566
78246760;96726970;33;3013459
78246760;96726970;33;3013596
78246760;96726970;33;3013614
78246760;96726970;33;3013636
78246760;96726970;33;3013608
78246760;96726970;33;3013598
78246760;96726970;33;3013549
78246760;96726970;33;3013548
78246760;96726970;33;3013505
78246760;96726970;33;3013504
78246760;96726970;33;3013503
78246760;96726970;33;3012716
78246760;96726970;33;3012714
78246760;96726970;33;3012696
78246760;96635340;33;839862
78246760;76821330;33;14345687
78246760;76821330;33;14345686
78246760;76075046;33;42
78246760;96726970;33;3013009
78246760;96726970;33;3013008
78246760;96726970;33;3013007
78246760;96726970;33;3013006
78246760;96726970;33;3013005
78246760;96726970;33;3013076
78246760;96726970;33;3013232
78246760;96726970;33;3013231
78246760;96726970;33;3013156
78246760;77753050;33;2499
78246760;96726970;33;3013773
78246760;96726970;33;3013774
78246760;96726970;33;3013776
78246760;96726970;33;3013344
78246760;96726970;33;3013091
78246760;96726970;33;3013090
78246760;96726970;33;3013089
78246760;96726970;33;3013087
78246760;96726970;33;3013325
78246760;96726970;33;3013110
78246760;96726970;33;3013109
78246760;96726970;33;3013107
78246760;96726970;33;3013106
78246760;96726970;33;3013376
78246760;96726970;33;3013357
78246760;96726970;33;3013213
78246760;96726970;33;3013414
78246760;96726970;33;3013384
78246760;96726970;33;3014004
78246760;96726970;33;3014022
78246760;96726970;33;3013954
78246760;96726970;33;3013926
78246760;76821330;33;14351240
78246760;76821330;33;14351241
78246760;12982796;33;273
78246760;6666392;33;707
78246760;96697410;33;7825272
78246760;97036000;33;30566956
78246760;96726970;33;3014162
78246760;96726970;33;3014001
78246760;96726970;33;3014453
78246760;96726970;33;3014452
78246760;96726970;33;3010079
78246760;96726970;33;3010282
78246760;96726970;33;3010066
78246760;96726970;33;3010473
78246760;96726970;33;3010472
78246760;96726970;33;3010471
78246760;96726970;33;3010470
78246760;96726970;33;3010429
78246760;96726970;33;3010496
78246760;96726970;33;3010491
78246760;99231000;33;5836853
78246760;96726970;33;3011564
78246760;99061000;33;5411762
78246760;99061000;33;5411761
78246760;97006000;33;18146050
78246760;97004000;33;26401928
78246760;96726970;33;3010828
78246760;96726970;33;3010862
78246760;96726970;33;3010982
78246760;96726970;33;3011114
78246760;96726970;33;3011191
78246760;96726970;33;3011043
78246760;96726970;33;3011042
78246760;96726970;33;3011041
78246760;96726970;33;3011503
78246760;96726970;33;3011502
78246760;96726970;33;3011501
78246760;96726970;33;3011496
78246760;96726970;33;3011495
78246760;96726970;33;3011494
78246760;96726970;33;3011493
78246760;96726970;33;3011492
78246760;96726970;33;3011491
78246760;96726970;33;3011441
78246760;96726970;33;3011365
78246760;96726970;33;3011363
78246760;76645247;33;579
78246760;12329177;33;620
78246760;78919390;33;163115
78246760;8277105;33;29742
78246760;76833720;33;42580486
78246760;96726970;33;3011565
78246760;96726970;33;3011563
78246760;9055982;33;390
78246760;97004000;33;26407370
78246760;81537600;33;29801045
78246760;96726970;33;3011790
78246760;96726970;33;3011789
78246760;96726970;33;3011788
78246760;96726970;33;3011787
78246760;96726970;33;3011716
78246760;96726970;33;3011715
78246760;96726970;33;3011758
78246760;96726970;33;3011757
78246760;96726970;33;3011756
78246760;96726970;33;3011755
78246760;96726970;33;3011737
78246760;96726970;33;3011736
78246760;96726970;33;3012124
78246760;96726970;33;3012011
78246760;96726970;33;3012059
78246760;96726970;33;3011933
78246760;96726970;33;3012392
78246760;96726970;33;3012298
78246760;96726970;33;3012189
78246760;96726970;33;3012584
78246760;96726970;33;3012616
78246760;96726970;33;3012603
78246760;9055982;33;389
78246760;9055982;33;391
78246760;9055982;33;392
78246760;9055982;33;393
78246760;9055982;33;394
78246760;9055982;33;395
78246760;9055982;33;396
78246760;96726970;33;3007780
78246760;96726970;33;3007779
78246760;96726970;33;3007778
78246760;96726970;33;3007891
78246760;96726970;33;3007925
78246760;96726970;33;3008117
78246760;96726970;33;3008312
78246760;76012833;33;25492650
78246760;76039865;34;26785
78246760;76039865;34;27849
78246760;96726970;33;3008222
78246760;96726970;33;3008386
78246760;96726970;33;3008382
78246760;96726970;33;3008473
78246760;96726970;33;3008338
78246760;96726970;33;3008313
78246760;96726970;33;3008311
78246760;96726970;33;3008557
78246760;96726970;33;3008568
78246760;96726970;33;3008818
78246760;96726970;33;3008817
78246760;96726970;33;3008808
78246760;96726970;33;3008689
78246760;96726970;33;3008743
78246760;96726970;33;3008673
78246760;96726970;33;3008666
78246760;96726970;33;3008661
78246760;96726970;33;3008909
78246760;96726970;33;3008908
78246760;96726970;33;3008907
78246760;96726970;33;3009109
78246760;96726970;33;3008931
78246760;96726970;33;3008930
78246760;96726970;33;3008929
78246760;96726970;33;3008928
78246760;96726970;33;3009199
78246760;96726970;33;3009036
78246760;96726970;33;3009031
78246760;96726970;33;3009090
78246760;96726970;33;3008973
78246760;96726970;33;3008972
78246760;96726970;33;3008940
78246760;96726970;33;3009129
78246760;96726970;33;3009128
78246760;96726970;33;3009124
78246760;96726970;33;3009862
78246760;96726970;33;3009861
78246760;96726970;33;3009952
78246760;96726970;33;3009945
78246760;96726970;33;3009854
78246760;96726970;33;3009853
78246760;96726970;33;3009852
78246760;96726970;33;3009746
78246760;96726970;33;3009745
78246760;96726970;33;3009742
78246760;96726970;33;3009741
78246760;96726970;33;3009863
78246760;96726970;33;3009869
78246760;96726970;33;3009873
78246760;96726970;33;3009982
78246760;96726970;33;3009993
78246760;96726970;33;3009994
78246760;96726970;33;3009398
78246760;92580000;33;16545025
78246760;76393526;33;307
78246760;84348700;33;4739932
78246760;76228364;33;641
78246760;96726970;33;3009606
78246760;96726970;33;3009509
78246760;96726970;33;3009470
78246760;96726970;33;3009995
78246760;96726970;33;3009574
78246760;96726970;33;3009484
78246760;96726970;33;3009483
78246760;96726970;33;3009722
78246760;96726970;33;3009400
78246760;96726970;33;3008927
78246760;96726970;33;3005484
78246760;96726970;33;3005546
78246760;96726970;33;3005486
78246760;96726970;33;3006375
78246760;96726970;33;3006175
78246760;96726970;33;3006174
78246760;96726970;33;3006235
78246760;96726970;33;3006234
78246760;96726970;33;3006233
78246760;96726970;33;3006143
78246760;96726970;33;3006140
78246760;96726970;33;3007051
78246760;96726970;33;3007049
78246760;96726970;33;3007047
78246760;96726970;33;3006516
78246760;96726970;33;3006511
78246760;96726970;33;3006616
78246760;96726970;33;3006731
78246760;96726970;33;3006983
78246760;96726970;33;3006437
78246760;96726970;33;3006379
78246760;96726970;33;3006378
78246760;96726970;33;3006377
78246760;96726970;33;3006376
78246760;96726970;33;3006176
78246760;96726970;33;3007066
78246760;96726970;33;3006690
78246760;96726970;33;3006689
78246760;96726970;33;3006688
78246760;96726970;33;3006621
78246760;76367699;33;2518
78246760;9733881;33;427
78246760;96792430;33;97360750
78246760;96792430;33;97360746
78246760;96726970;33;3005710
78246760;96726970;33;3006060
78246760;96726970;33;3006277
78246760;96719620;33;9841792
78246760;81761200;33;174504
78246760;96726970;33;3006281
78246760;96726970;33;3006059
78246760;96726970;33;3006186
78246760;96726970;33;3006185
78246760;96726970;33;3006184
78246760;96726970;33;3006183
78246760;96726970;33;3006182
78246760;96726970;33;3006181
78246760;96726970;33;3006180
78246760;96726970;33;3006178
78246760;96726970;33;3006177
78246760;97004000;33;26380454
78246760;76124890;33;63274513
78246760;9956136;33;2246
78246760;76875217;33;41
78246760;96726970;33;3007310
78246760;96726970;33;3007854
78246760;96726970;33;3007853
78246760;96726970;33;3007190
78246760;76450825;33;2173
78246760;96689310;33;28391976
78246760;76228364;33;637
78246760;76228364;33;638
78246760;77204160;33;815
78246760;96726970;33;3007394
78246760;96726970;33;3007512
78246760;96726970;33;3007663
78246760;96726970;33;3007635
78246760;96726970;33;3007634
78246760;96726970;33;3007284
78246760;96726970;33;3007660
78246760;96726970;33;3007747
78246760;96726970;33;3007649
78246760;96726970;33;3007819
78246760;96726970;33;3007818
78246760;96726970;33;3007416
78246760;99520000;33;7974832
78246760;76207595;33;209
78246760;12734347;33;93
78246760;97018000;33;6030470
78246760;96726970;33;3003684
78246760;96726970;33;3003760
78246760;96726970;33;3003598
78246760;96726970;33;3003641
78246760;96726970;33;3003642
78246760;96726970;33;3003656
78246760;96726970;33;3003446
78246760;96726970;33;3003457
78246760;96726970;33;3003458
78246760;96726970;33;3003611
78246760;76397931;33;1146
78246760;76058647;33;3125369
78246760;97018000;33;6031414
78246760;77036900;33;84013
78246760;96726970;33;3004094
78246760;96726970;33;3004298
78246760;96726970;33;3004297
78246760;96726970;33;3004007
78246760;96726970;33;3004200
78246760;84348700;33;4722487
78246760;84348700;33;4722486
78246760;92580000;33;16543968
78246760;92580000;33;16543970
78246760;12330730;33;6
78246760;76578782;33;26379
78246760;96726970;33;3003918
78246760;96726970;33;3003954
78246760;96726970;33;3003958
78246760;93771000;33;67972
78246760;96726970;33;3004773
78246760;96726970;33;3004762
78246760;96726970;33;3004405
78246760;96726970;33;3004404
78246760;96726970;33;3004462
78246760;96726970;33;3004502
78246760;96726970;33;3004540
78246760;96726970;33;3004539
78246760;96726970;33;3004537
78246760;96726970;33;3004536
78246760;96726970;33;3004323
78246760;96726970;33;3004775
78246760;96726970;33;3004506
78246760;96726970;33;3004760
78246760;96726970;33;3004735
78246760;96726970;33;3004702
78246760;96726970;33;3004862
78246760;6563073;33;35
78246760;96726970;33;3004829
78246760;76833300;33;1678862
78246760;97004000;33;26304342
78246760;97004000;33;26304341
78246760;96726970;33;3004962
78246760;96726970;33;3004961
78246760;96726970;33;3004960
78246760;9751962;33;119
78246760;76073164;33;4035273
78246760;8277105;33;29570
78246760;96726970;33;3005271
78246760;96726970;33;3005270
78246760;96726970;33;3005267
78246760;96726970;33;3005423
78246760;96726970;33;3005551
78246760;96726970;33;3002249
78246760;96726970;33;3002250
78246760;96726970;33;3002251
78246760;96689310;33;28259690
78246760;9956136;33;2228
78246760;12525729;33;50
78246760;76524794;34;1075
78246760;15855373;33;665
78246760;76397931;33;1145
78246760;12525729;33;48
78246760;99546900;33;208527
78246760;76672000;33;12327
78246760;96697410;33;7917196
78246760;86887200;33;1843619
78246760;93333000;33;885963
78246760;86887200;33;1843607
78246760;86887200;33;1843612
78246760;96542490;33;1240398
78246760;90844000;33;7603550
78246760;90844000;33;7603510
78246760;90844000;33;7603512
78246760;76103915;33;664328
78246760;77593740;33;72313
78246760;76053547;33;39268
78246760;83574800;33;900589
78246760;80830500;33;188135
78246760;96889950;33;3031259
78246760;77965030;33;195260
78246760;77965030;33;195259
78246760;77965030;33;195258
78246760;10872955;33;1681
78246760;84083400;33;39247
78246760;99520000;33;8531389
78246760;76243728;33;1268
78246760;84348700;33;4968326
78246760;76956020;33;9211
78246760;76956020;33;9212
78246760;76299244;33;302587
78246760;7070350;33;1153
78246760;7070350;33;1152
78246760;76242324;33;384147
78246760;7070350;33;1151
78246760;7070350;33;1150
78246760;79553100;33;72254
78246760;86887200;33;1842426
78246760;86887200;33;1842402
78246760;86887200;33;1842397
78246760;77965030;33;195118
78246760;5071332;33;3513
78246760;78610360;33;897201
78246760;99524380;33;85841
78246760;76291029;33;1555
78246760;76995664;33;46
78246760;76995664;33;45
78246760;76611663;33;14044
78246760;96800570;33;20961055
78246760;86963200;33;289676
78246760;76052927;34;7319934
78246760;76299244;33;285280
78246760;76052927;34;7317927
78246760;76035803;33;22563
78246760;76119711;33;104864
78246760;96964510;33;117052
78246760;76518218;33;30
78246760;76242324;33;383850
78246760;76242324;33;383849
78246760;76242324;33;383825
78246760;90960000;33;69348
78246760;76754296;34;33552
78246760;88230700;33;459781
78246760;83210600;33;126251
78246760;76611663;33;14019
78246760;83210600;33;126242
78246760;83210600;33;126243
78246760;83210600;33;126244
78246760;83210600;33;126241
78246760;83210600;33;126240
78246760;80830500;33;187732
78246760;80830500;33;187912
78246760;80830500;33;187300
78246760;80830500;33;187333
78246760;80830500;33;187342
78246760;96689310;33;29295527
78246760;84304400;33;11171
78246760;97004000;33;26838244
78246760;97004000;33;26838245
78246760;76264479;33;80846
78246760;97018000;33;6158923
78246760;80989400;34;70073
78246760;97036000;33;31179305
78246760;97036000;34;5700833
78246760;97036000;33;31171029
78246760;97036000;33;31171217
78246760;79643000;33;47221
78246760;83210600;33;126239
78246760;76320596;33;842
78246760;79980430;33;24281
78246760;88192900;33;9119844
78246760;76615160;33;62846
78246760;76320596;33;841
78246760;76320596;33;840
78246760;76320596;33;839
78246760;76218328;33;47441
78246760;76568660;33;19949660
78246760;86887200;33;1840220
78246760;76013474;33;95530
78246760;7070350;33;1149
78246760;7070350;33;1148
78246760;7070350;33;1146
78246760;92844000;33;169240
78246760;92844000;33;169239
78246760;83574800;33;899780
78246760;17210410;33;50
78246760;76415712;34;45288
78246760;83574800;33;899768
78246760;76435650;33;255689
78246760;96542490;33;1237306
78246760;89407400;33;253259
78246760;76216474;33;95162
78246760;76779022;33;298
78246760;80830500;33;187128
78246760;80565500;33;556442
78246760;80565500;33;556441
78246760;79980430;33;24244
78246760;76389743;33;445
78246760;97036000;34;5699531
78246760;96831690;33;78478
78246760;76264479;33;80750
78246760;76264479;33;80749
78246760;80989400;33;198109
78246760;14599691;33;3042
78246760;78135280;33;699370
78246760;86887200;33;1839420
78246760;86887200;33;1839418
78246760;96689310;33;29057822
78246760;76795318;33;253
78246760;76795318;33;252
78246760;76795318;33;251
78246760;99003000;33;221664
78246760;78610360;33;896605
78246760;93333000;33;885392
78246760;93333000;33;885393
78246760;90844000;33;7595885
78246760;90844000;33;7595887
78246760;76085857;33;18935
78246760;76085857;33;18934
78246760;79980430;33;24228
78246760;76051548;33;1354
78246760;93333000;33;885360
78246760;90844000;33;7595396
78246760;76795318;33;250
78246760;96941720;33;190913
78246760;83574800;33;899559
78246760;79980430;33;24212
78246760;86963200;33;289330
78246760;86963200;33;289329
78246760;96820630;34;835917
78246760;76053547;33;35911
78246760;78135280;33;699069
78246760;77965030;33;194553
78246760;76242324;33;382639
78246760;76299244;33;284125
78246760;96888200;33;455038
78246760;23335741;33;662
78246760;23335741;33;661
78246760;76589510;33;66360
78246760;96568740;33;8989859
78246760;76483741;33;2718
78246760;99524380;33;85698
78246760;99524380;33;85699
78246760;76272984;33;2849
78246760;13566973;33;2027
78246760;76552590;33;33897
78246760;86963200;33;289041
78246760;86963200;33;289060
78246760;86963200;33;289040
78246760;76264479;33;80583
78246760;90844000;33;7592994
78246760;96792430;33;99098190
78246760;96792430;33;99098645
78246760;76800211;33;704
78246760;76956020;33;9153
78246760;86887200;33;1837185
78246760;86887200;33;1837183
78246760;86887200;33;1837181
78246760;86887200;33;1837179
78246760;86887200;33;1837170
78246760;77956710;33;35661
78246760;76265604;33;1822
78246760;83574800;33;899278
78246760;78135280;33;698762
78246760;90844000;33;7592368
78246760;90844000;33;7592335
78246760;90844000;33;7592337
78246760;76435650;33;254929
78246760;76242324;33;382281
78246760;76242324;33;382280
78246760;76271503;33;3287
78246760;76242324;33;382269
78246760;76299244;33;283576
78246760;76299244;33;283574
78246760;76299244;33;283573
78246760;96792430;33;99096626
78246760;96792430;33;99096919
78246760;96792430;33;99097308
78246760;83574800;33;899213
78246760;79980430;33;24162
78246760;79980430;33;24161
78246760;76243728;33;1261
78246760;96889950;33;3026948
78246760;76053547;33;35851
78246760;97004000;33;26821585
78246760;79553100;33;71940
78246760;99520000;33;8523559
78246760;86963200;33;288951
78246760;96831690;33;78233
78246760;77990830;33;22574
78246760;77965030;33;194235
78246760;96945440;33;4112791
78246760;96508210;34;918729
78246760;96508210;33;2530190
78246760;8523244;33;21945
78246760;8523244;33;21946
78246760;76615160;33;62562
78246760;86399900;33;111276
78246760;96542490;33;1234629
78246760;5071332;33;3432
78246760;85262900;33;6628
78246760;79980430;33;24138
78246760;76552590;33;33867
78246760;80989400;33;197425
78246760;79643000;34;585
78246760;79643000;34;584
78246760;79643000;34;582
78246760;78135280;34;239985
78246760;83574800;33;899013
78246760;77965030;33;194113
78246760;76053547;33;35826
78246760;86887200;33;1835457
78246760;83574800;33;898916
78246760;76085857;34;19431
78246760;76085857;34;19430
78246760;96726970;33;3075510
78246760;96726970;33;3075433
78246760;96726970;33;3074573
78246760;94510000;33;2222936
78246760;96726970;33;3072395
78246760;96726970;33;3071853
78246760;96726970;33;3071153
78246760;96726970;33;3070216
78246760;78919390;33;170070
78246760;96726970;33;3069122
78246760;96726970;33;3068628
78246760;96726970;33;3067815
78246760;96726970;33;3066799
78246760;96726970;33;3066905
78246760;84348700;33;4913574
78246760;96726970;33;3065707
78246760;96726970;33;3065238
78246760;96726970;33;3064839
78246760;96726970;33;3064530
78246760;99520000;33;8537527
78246760;96726970;33;3063575
78246760;96726970;33;3062941
78246760;96726970;33;3062778
78246760;96726970;33;3062124
78246760;96726970;33;3061631
78246760;96726970;33;3061057
78246760;97004000;33;26775569
78246760;96726970;33;3060216
78246760;96726970;33;3059452
78246760;96726970;33;3059171
78246760;96726970;33;3058393
78246760;9055982;33;433
78246760;96726970;33;3057470
78246760;96726970;33;3057386
78246760;96726970;33;3056788
78246760;96726970;33;3056083
78246760;96726970;33;3055894
78246760;96726970;33;3055155
78246760;78279530;33;4263
78246760;96726970;33;3053742
78246760;96726970;33;3052762
78246760;96726970;33;3052810
78246760;96719620;33;9911596
78246760;96726970;33;3051195
78246760;96726970;33;3050397
78246760;96726970;33;3049943
78246760;96726970;33;3049405
78246760;96726970;33;3048313
78246760;96726970;33;3047432
78246760;96726970;33;3046971
78246760;96726970;33;3046205
78246760;96726970;33;3045755
78246760;96726970;33;3045253
78246760;81548400;33;2205380
78246760;86887200;33;1843616
78246760;76611663;33;14069
78246760;76568660;33;19950304
78246760;76264479;33;80918
78246760;97036000;33;31172932
78246760;7070350;33;1147
78246760;86887200;33;1839423
78246760;96831690;33;78395
78246760;80960800;33;26516
78246760;86887200;33;1837174
78246760;76483741;33;2716
78246760;79643000;34;583
78246760;96726970;33;3044861
78246760;96726970;33;3043904
78246760;96726970;33;3043546
78246760;96726970;33;3043623
78246760;76073164;33;4069742
78246760;96726970;33;3042204
78246760;96726970;33;3041001
78246760;96726970;33;3040395
78246760;76821330;33;14438129
78246760;96726970;33;3039536
78246760;96726970;33;3038755
78246760;96726970;33;3038732
78246760;96726970;33;3038199
78246760;99520000;33;7976060
78246760;96726970;33;3002885
78246760;96726970;33;3004538
78246760;96726970;33;3005485
78246760;96726970;33;3005422
78246760;96726970;33;3006732
78246760;96726970;33;3006187
78246760;96726970;33;3007678
78246760;96726970;33;3007632
78246760;96726970;33;3008558
78246760;96726970;33;3008969
78246760;96726970;33;3009965
78246760;84348700;33;4739931
78246760;96726970;33;3010674
78246760;96726970;33;3011566
78246760;96726970;33;3012464
78246760;9055982;33;397
78246760;96726970;33;3013611
78246760;96726970;33;3013769
78246760;76821330;33;14351030
78246760;96726970;33;3014402
78246760;96726970;33;3014592
78246760;96726970;33;3015641
78246760;96726970;33;3015930
78246760;76821330;33;14358850
78246760;96726970;33;3016984
78246760;96798550;33;385768
78246760;96726970;33;3019344
78246760;96726970;33;3019017
78246760;96726970;33;3020660
78246760;96726970;33;3019976
78246760;78885550;33;3316628
78246760;96726970;33;3021439
78246760;96726970;33;3021181
78246760;94510000;33;2195993
78246760;96726970;33;3023508
78246760;96726970;33;3023265
78246760;96726970;33;3022069
78246760;96726970;33;3024560
78246760;96726970;33;3025261
78246760;76234932;33;16
78246760;96726970;33;3027471
78246760;96689310;33;28544560
78246760;96726970;33;3026417
78246760;96726970;33;3026881
78246760;96726970;33;3030046
78246760;96726970;33;3030245
78246760;96726970;33;3031824
78246760;96726970;33;3031998
78246760;99231000;33;5873816
78246760;96726970;33;3032745
78246760;96726970;33;3033693
78246760;96726970;33;3034062
78246760;99017000;33;5652697
78246760;96726970;33;3035474
78246760;96726970;33;3035734
78246760;96726970;33;3036739
78246760;96726970;33;3037046
